;the first number is the number of the tile  and the other numbers that follow are what tiles that tile is adjacent too last it is value
[BuildingSlots]
1 11 1
2 21 1
3 31 1
4 41 1
5 51 1
6 12 2
7 22 2
8 32 2
9 42 2
10 52 2
11 13 3
12 23 3
13 33 3
14 43 3 
15 53 3
16 14 4
17 24 4
18 34 4
19 44 4
20 54 4
21 15 5 
22 25 5
23 35 5
24 45 5
25 55 5 
26 16 6
27 26 6
28 36 6
29 46 6
30 56 6
[borders]
1 6 2 
2 1 7 3 
3 2 8 4 
4 3 9 5  
5 4 10
6 1 11 7 
7 6 12 8 2 
8 7 13 9 3 
9 4 8 14 10
10 9 15 5 
11 6 12 16 
12 11 17 13 7 
13 12 18 14 8 
14 13 19 15 9 
15 14 10 20
16 11 21 17 
17 16 22 12 18 
18 17 19 23 13 
19 18 14 24 20
20 19 25 15 
21 26 16 22  
22 21 27 23 17 
23 22 28 24 18 
24 23 29 19 25
25 24 20 30 
26 21 27
27 26 28 22 
28 27 29 23
29 28 30 24 
30 29 25 